!2021-03-31 14:00:00 UTC
0 50.0 !number of earth tidal potential, cut-off depth for applying tidal potential
8 !nbfr
M2
 0.000140519 0.977482 340.095
S2
 0.000145444 1 60
N2
 0.00013788 0.977482 25.4243
K2
 0.000145842 1.19814 64.9725
K1
 7.29212E-05 1.07799 302.779
O1
 6.75977E-05 1.1261 39.9636
P1
 7.25229E-05 1 110.829
Q1
 6.49585E-05 1.1261 85.2928
1 !nope
73 3 0 1 2 0 1 !open bnd 1          num of nodes, elevation, velcity, temperature, salinity, GEN, AED 
M2
 1.822512  43.335942
 1.822512  43.335942
 1.822512  43.335942
 1.822512  43.335942
 1.822512  43.335942
 1.822512  43.335942
 1.822512  43.335942
 1.822512  43.335942
 1.822512  43.335942
 1.822512  43.335942
 1.808379  43.296224
 1.805523  43.288794
 1.803846  43.249287
 1.802792  43.193577
 1.801527  43.134752
 1.798788  43.056064
 1.795318  42.966087
 1.791548  42.871428
 1.787507  42.774957
 1.783301  42.675649
 1.778833  42.575075
 1.774051  42.472007
 1.768916  42.363879
 1.763295  42.251344
 1.757109  42.133421
 1.752190  42.042586
 1.747246  41.954965
 1.739261  41.821806
 1.730344  41.683175
 1.720419  41.542377
 1.709417  41.402309
 1.697593  41.270797
 1.683597  41.130462
 1.672032  41.031358
 1.660887  40.952278
 1.650420  40.894689
 1.639658  40.849636
 1.626974  40.820910
 1.615308  40.823984
 1.605028  40.860166
 1.596965  40.920197
 1.588590  40.990205
 1.583474  41.041463
 1.578794  41.101805
 1.573073  41.199020
 1.568579  41.307677
 1.565208  41.420592
 1.562737  41.536407
 1.561188  41.645107
 1.560333  41.758457
 1.559926  41.857657
 1.559943  41.939780
 1.560202  42.036691
 1.560558  42.125545
 1.561143  42.207276
 1.561685  42.278262
 1.562280  42.336278
 1.562884  42.386355
 1.563507  42.430208
 1.564054  42.468058
 1.564526  42.500754
 1.564975  42.529237
 1.565390  42.553984
 1.565749  42.575340
 1.566062  42.594036
 1.566186  42.614055
 1.566610  42.627992
 1.567577  42.630461
 1.568544  42.632928
 1.569512  42.635397
 1.570537  42.638025
 1.571499  42.640492
 1.572719  42.643666
S2
 0.652301  28.728569
 0.652301  28.728569
 0.652301  28.728569
 0.652301  28.728569
 0.652301  28.728569
 0.652301  28.728569
 0.652301  28.728569
 0.652301  28.728569
 0.652301  28.728569
 0.652301  28.728569
 0.647285  28.499193
 0.646365  28.512720
 0.645851  28.500305
 0.645554  28.475854
 0.645187  28.448332
 0.644287  28.383258
 0.643127  28.300904
 0.641866  28.213443
 0.640514  28.122942
 0.639106  28.029453
 0.637609  27.933339
 0.636006  27.833441
 0.634283  27.727824
 0.632397  27.615997
 0.630318  27.496772
 0.628665  27.403875
 0.627003  27.312891
 0.624315  27.171366
 0.621311  27.019864
 0.617965  26.860009
 0.614251  26.693199
 0.610254  26.526279
 0.605273  26.296338
 0.601122  26.112063
 0.597112  25.944249
 0.593344  25.794971
 0.589477  25.645880
 0.584910  25.483972
 0.580695  25.351756
 0.576965  25.254198
 0.574025  25.195600
 0.571021  25.134054
 0.569204  25.099115
 0.567542  25.074123
 0.565512  25.055696
 0.563920  25.057927
 0.562726  25.075850
 0.561851  25.105014
 0.561275  25.130801
 0.560962  25.173306
 0.560817  25.217525
 0.560830  25.261383
 0.560935  25.318035
 0.561077  25.372419
 0.561304  25.427746
 0.561515  25.476478
 0.561731  25.514351
 0.561948  25.547502
 0.562172  25.577672
 0.562368  25.603813
 0.562538  25.626394
 0.562699  25.646530
 0.562848  25.664313
 0.562976  25.679669
 0.563089  25.693103
 0.563113  25.700619
 0.563231  25.700217
 0.563535  25.690768
 0.563839  25.681313
 0.564143  25.671871
 0.564467  25.663059
 0.564771  25.654799
 0.565164  25.648963
N2
 0.481923  27.853314
 0.481923  27.853314
 0.481923  27.853314
 0.481923  27.853314
 0.481923  27.853314
 0.481923  27.853314
 0.481923  27.853314
 0.481923  27.853314
 0.481923  27.853314
 0.481923  27.853314
 0.478771  27.836357
 0.478192  27.849670
 0.477824  27.832611
 0.477570  27.800367
 0.477268  27.766584
 0.476604  27.715938
 0.475762  27.656791
 0.474851  27.594995
 0.473881  27.532730
 0.472873  27.468806
 0.471809  27.404814
 0.470676  27.339969
 0.469463  27.272367
 0.468142  27.203005
 0.466697  27.131390
 0.465551  27.076780
 0.464404  27.024820
 0.462563  26.947558
 0.460520  26.869296
 0.458264  26.792941
 0.455784  26.721050
 0.453143  26.658936
 0.449880  26.575390
 0.447187  26.517037
 0.444610  26.473405
 0.442220  26.446240
 0.439808  26.431757
 0.436997  26.433826
 0.434451  26.458891
 0.432251  26.507266
 0.430567  26.570065
 0.428817  26.635927
 0.427754  26.680548
 0.426799  26.731226
 0.425659  26.810366
 0.424802  26.896202
 0.424198  26.983611
 0.423792  27.071444
 0.423562  27.148140
 0.423500  27.229869
 0.423527  27.302182
 0.423632  27.362861
 0.423811  27.435015
 0.424004  27.501445
 0.424242  27.563144
 0.424456  27.616809
 0.424658  27.658820
 0.424851  27.694694
 0.425041  27.725978
 0.425207  27.752968
 0.425350  27.776283
 0.425483  27.796541
 0.425604  27.814108
 0.425709  27.829267
 0.425800  27.842539
 0.425840  27.855225
 0.425931  27.860739
 0.426122  27.854867
 0.426314  27.848996
 0.426506  27.843127
 0.426710  27.837242
 0.426902  27.831719
 0.427149  27.826016
K2
 0.157743  22.194239
 0.157743  22.194239
 0.157743  22.194239
 0.157743  22.194239
 0.157743  22.194239
 0.157743  22.194239
 0.157743  22.194239
 0.157743  22.194239
 0.157743  22.194239
 0.157743  22.194239
 0.156083  22.099990
 0.155824  22.154896
 0.155699  22.144685
 0.155645  22.102482
 0.155572  22.058063
 0.155334  21.987232
 0.155018  21.903450
 0.154673  21.815802
 0.154300  21.727295
 0.153910  21.636385
 0.153493  21.545176
 0.153042  21.452548
 0.152557  21.355862
 0.152021  21.256382
 0.151426  21.153367
 0.150951  21.074652
 0.150472  20.999549
 0.149690  20.887371
 0.148810  20.773085
 0.147819  20.660613
 0.146710  20.553404
 0.145503  20.458937
 0.144032  20.298807
 0.142800  20.176859
 0.141599  20.075868
 0.140456  20.002039
 0.139264  19.951208
 0.137839  19.917652
 0.136503  19.918682
 0.135299  19.955786
 0.134327  20.019113
 0.133296  20.095094
 0.132653  20.151509
 0.132051  20.217915
 0.131292  20.324889
 0.130664  20.444444
 0.130162  20.568676
 0.129760  20.694913
 0.129464  20.801392
 0.129248  20.919600
 0.129101  21.026275
 0.129023  21.117917
 0.128960  21.228310
 0.128917  21.330648
 0.128910  21.427216
 0.128907  21.511402
 0.128920  21.576009
 0.128940  21.631093
 0.128969  21.679331
 0.128995  21.720966
 0.129018  21.756931
 0.129042  21.788262
 0.129065  21.815483
 0.129086  21.838974
 0.129104  21.859540
 0.129095  21.876706
 0.129116  21.876900
 0.129197  21.852284
 0.129279  21.827674
 0.129361  21.803070
 0.129449  21.778475
 0.129531  21.755396
 0.129642  21.731870
K1
 0.351912  33.215694
 0.351912  33.215694
 0.351912  33.215694
 0.351912  33.215694
 0.351912  33.215694
 0.351912  33.215694
 0.351912  33.215694
 0.351912  33.215694
 0.351912  33.215694
 0.351912  33.215694
 0.351318  33.274012
 0.351152  33.226256
 0.351105  33.197586
 0.351120  33.177782
 0.351128  33.156985
 0.351054  33.127435
 0.350944  33.093269
 0.350823  33.057492
 0.350692  33.021305
 0.350555  32.984120
 0.350409  32.946751
 0.350250  32.908738
 0.350079  32.869024
 0.349890  32.828076
 0.349681  32.785581
 0.349513  32.753061
 0.349343  32.721969
 0.349067  32.675377
 0.348755  32.627711
 0.348403  32.580510
 0.348008  32.535127
 0.347578  32.494597
 0.346974  32.457588
 0.346458  32.434847
 0.345955  32.420142
 0.345488  32.415144
 0.345037  32.420025
 0.344500  32.437119
 0.344002  32.466571
 0.343556  32.508106
 0.343200  32.555417
 0.342762  32.593582
 0.342465  32.614679
 0.342182  32.638335
 0.341815  32.674853
 0.341501  32.713999
 0.341238  32.753540
 0.341018  32.793725
 0.340847  32.835786
 0.340707  32.875976
 0.340603  32.909499
 0.340536  32.935546
 0.340468  32.965132
 0.340412  32.991685
 0.340374  33.014861
 0.340343  33.034832
 0.340324  33.052776
 0.340312  33.068470
 0.340306  33.082131
 0.340301  33.093914
 0.340298  33.104093
 0.340296  33.112926
 0.340296  33.120580
 0.340296  33.127184
 0.340296  33.132966
 0.340280  33.140025
 0.340290  33.153166
 0.340350  33.174187
 0.340410  33.195204
 0.340470  33.216216
 0.340533  33.237292
 0.340592  33.257070
 0.340663  33.277528
O1
 0.192803  7.738197
 0.192803  7.738197
 0.192803  7.738197
 0.192803  7.738197
 0.192803  7.738197
 0.192803  7.738197
 0.192803  7.738197
 0.192803  7.738197
 0.192803  7.738197
 0.192803  7.738197
 0.192496  7.785072
 0.192440  7.753424
 0.192414  7.727824
 0.192404  7.704714
 0.192391  7.680541
 0.192338  7.654144
 0.192267  7.625565
 0.192190  7.595544
 0.192108  7.565022
 0.192022  7.533620
 0.191932  7.501896
 0.191835  7.469461
 0.191732  7.435478
 0.191619  7.400214
 0.191495  7.363372
 0.191397  7.335050
 0.191298  7.307806
 0.191139  7.266578
 0.190962  7.223883
 0.190766  7.180846
 0.190549  7.138454
 0.190318  7.099212
 0.190005  7.075483
 0.189743  7.063648
 0.189490  7.058073
 0.189262  7.059929
 0.189048  7.069849
 0.188801  7.090697
 0.188578  7.120957
 0.188387  7.160201
 0.188242  7.202876
 0.188062  7.244079
 0.187942  7.269897
 0.187829  7.297782
 0.187689  7.339316
 0.187574  7.382191
 0.187484  7.424322
 0.187413  7.466025
 0.187359  7.507094
 0.187322  7.546488
 0.187299  7.579421
 0.187289  7.605092
 0.187284  7.634310
 0.187281  7.660562
 0.187286  7.683543
 0.187291  7.703355
 0.187297  7.720438
 0.187304  7.735207
 0.187312  7.747964
 0.187319  7.758959
 0.187325  7.768456
 0.187331  7.776658
 0.187337  7.783739
 0.187342  7.789848
 0.187347  7.795198
 0.187345  7.803202
 0.187350  7.814495
 0.187369  7.828561
 0.187388  7.842624
 0.187406  7.856684
 0.187426  7.870761
 0.187444  7.883971
 0.187468  7.897530
P1
 0.102746  35.959242
 0.102746  35.959242
 0.102746  35.959242
 0.102746  35.959242
 0.102746  35.959242
 0.102746  35.959242
 0.102746  35.959242
 0.102746  35.959242
 0.102746  35.959242
 0.102746  35.959242
 0.102685  35.976822
 0.102666  35.936659
 0.102657  35.904985
 0.102653  35.877061
 0.102649  35.847480
 0.102635  35.811754
 0.102616  35.771817
 0.102596  35.729588
 0.102575  35.686194
 0.102553  35.641439
 0.102530  35.595739
 0.102506  35.548540
 0.102480  35.498812
 0.102451  35.446560
 0.102420  35.391272
 0.102396  35.348408
 0.102371  35.306702
 0.102332  35.242472
 0.102289  35.174517
 0.102242  35.103937
 0.102190  35.031693
 0.102135  34.961173
 0.102048  34.903719
 0.101975  34.865058
 0.101905  34.834386
 0.101845  34.813011
 0.101800  34.798616
 0.101751  34.791743
 0.101708  34.797636
 0.101676  34.816692
 0.101654  34.844746
 0.101619  34.870933
 0.101594  34.887848
 0.101570  34.908090
 0.101542  34.941150
 0.101520  34.978569
 0.101503  35.017773
 0.101491  35.058509
 0.101482  35.099807
 0.101477  35.141340
 0.101475  35.176998
 0.101475  35.205807
 0.101477  35.239322
 0.101479  35.269812
 0.101483  35.297337
 0.101487  35.321177
 0.101490  35.341703
 0.101493  35.359606
 0.101496  35.375307
 0.101499  35.388861
 0.101502  35.400569
 0.101504  35.410778
 0.101506  35.419654
 0.101508  35.427314
 0.101509  35.434020
 0.101510  35.443161
 0.101512  35.456365
 0.101519  35.473528
 0.101527  35.490685
 0.101534  35.507840
 0.101542  35.525146
 0.101549  35.541386
 0.101557  35.558585
Q1
 0.032859  349.795784
 0.032859  349.795784
 0.032859  349.795784
 0.032859  349.795784
 0.032859  349.795784
 0.032859  349.795784
 0.032859  349.795784
 0.032859  349.795784
 0.032859  349.795784
 0.032859  349.795784
 0.032802  349.884864
 0.032796  349.857209
 0.032795  349.831621
 0.032797  349.806372
 0.032798  349.780383
 0.032793  349.755959
 0.032786  349.730962
 0.032777  349.705014
 0.032768  349.679150
 0.032758  349.652665
 0.032747  349.626451
 0.032736  349.600183
 0.032723  349.572973
 0.032709  349.545464
 0.032694  349.517508
 0.032682  349.496424
 0.032669  349.476671
 0.032648  349.448037
 0.032625  349.419996
 0.032598  349.394065
 0.032568  349.371579
 0.032535  349.354849
 0.032484  349.361718
 0.032439  349.376535
 0.032394  349.397673
 0.032354  349.425733
 0.032317  349.463648
 0.032272  349.519049
 0.032230  349.582976
 0.032193  349.654032
 0.032163  349.723685
 0.032127  349.794336
 0.032103  349.839089
 0.032080  349.885279
 0.032050  349.950905
 0.032025  350.015068
 0.032004  350.075464
 0.031986  350.132988
 0.031972  350.186755
 0.031960  350.237053
 0.031952  350.278478
 0.031946  350.310093
 0.031942  350.345591
 0.031938  350.377235
 0.031936  350.404383
 0.031934  350.427712
 0.031932  350.447264
 0.031932  350.463906
 0.031931  350.478021
 0.031931  350.490164
 0.031931  350.500653
 0.031931  350.509603
 0.031931  350.517264
 0.031931  350.523871
 0.031931  350.529659
 0.031930  350.539061
 0.031929  350.551063
 0.031930  350.564144
 0.031932  350.577224
 0.031933  350.590298
 0.031935  350.603242
 0.031937  350.615385
 0.031939  350.627243
1.0 !nudging factor for T
35.0 !S
1.0 !nudging factor for S
1.     1.        1.         1.      1.        1.         1.       1.          1.         1.         1.        1.        1.       1.       1.       1.      1. !nudging factor for AED parameters